1.283344 1.459750 1.614213 1.729881 1.793603 2.682950 3.013148 3.450391 4.059129 4.477445
1.162869 1.296201 1.396426 1.512054 1.637722 1.911444 2.135809 2.549980 3.038057 3.545177
0.532537 0.605943 0.647893 0.690836 0.754591 0.823520 0.893583 1.022498 1.245062 1.473670
0.420717 0.471229 0.468499 0.470281 0.498577 0.620272 0.705768 0.861566 1.070876 1.245759
0.426866 0.472816 0.508439 0.536918 0.589651 0.720997 0.815864 1.003521 1.275617 1.632670
0.767174 0.865747 0.933782 1.000165 1.101713 1.200067 1.298649 1.425781 1.582167 1.897420
0.512322 0.550575 0.589175 0.628126 0.667592 0.787941 0.870152 0.984497 1.152458 1.332942
0.644469 0.722063 0.741821 0.764085 0.881811 0.889564 0.953895 1.063539 1.244590 1.442801
2.045243 2.306253 2.519262 2.737422 2.718728 3.228079 3.532942 3.912466 4.634231 5.148583
0.844474 0.934575 1.002499 1.067215 1.153903 1.285770 1.437048 1.680107 2.018512 2.448918
0.954653 1.045826 1.119277 1.198858 1.290644 1.495413 1.722331 2.073722 2.467945 2.743538
0.385379 0.435768 0.453663 0.466344 0.507558 0.513070 0.555336 0.612028 0.736623 0.878288
0.792343 0.914186 0.996229 1.070639 1.129378 1.183968 1.288964 1.428804 1.641512 1.858255
0.369613 0.413296 0.441895 0.463952 0.483833 0.519752 0.580407 0.659946 0.806886 0.941025
0.682126 0.756974 0.810387 0.862558 0.940901 1.017038 1.131414 1.323633 1.636366 2.002257
0.399169 0.441335 0.467697 0.487493 0.555063 0.579070 0.627846 0.710427 0.880291 1.128723
0.509906 0.587475 0.627088 0.649712 0.709409 0.649461 0.703544 0.792644 0.936376 1.141881
0.411817 0.462954 0.479559 0.509300 0.573273 0.580943 0.626269 0.699383 0.842332 1.029298
0.936523 1.037514 1.108655 1.164279 1.118055 1.546865 1.718084 1.992034 2.271751 2.432732
0.369993 0.392240 0.407067 0.414443 0.456703 0.476053 0.523378 0.580834 0.702291 0.874624
0.530695 0.551629 0.582895 0.618412 0.658806 0.701520 0.774558 0.854747 0.976650 1.080399
0.388114 0.443382 0.467078 0.481207 0.514350 0.570126 0.640492 0.726141 0.862527 1.097387
0.355714 0.393845 0.421554 0.434106 0.481480 0.496932 0.544795 0.612999 0.731190 0.899307
0.200759 0.219906 0.230148 0.245784 0.281852 0.298307 0.324063 0.368563 0.429764 0.530579
0.369030 0.401619 0.432891 0.442686 0.455944 0.498789 0.533769 0.584100 0.698054 0.780425
0.265410 0.310403 0.361825 0.412539 0.448321 0.555285 0.623820 0.700333 0.804161 0.906895
0.331747 0.361154 0.384185 0.411169 0.460727 0.549500 0.613334 0.701279 0.857107 0.988081
0.289493 0.313288 0.345276 0.366488 0.383825 0.437037 0.475137 0.537776 0.644708 0.715559
0.376168 0.407359 0.437694 0.462131 0.508861 0.573862 0.643951 0.730712 0.864750 1.000589
0.371631 0.397962 0.422788 0.414733 0.472544 0.599361 0.659371 0.767862 0.913537 1.016946
0.540053 0.611257 0.639193 0.658709 0.708758 0.795096 0.846535 0.975362 1.125364 1.295617